Observation number: 	1
	Present instant:              	150.00513210696107
	Number of move events:        	38255
	Number of evaporation events: 	0
	Hamiltonian cycle:

Observation number: 	2
	Present instant:              	300.0031796071115
	Number of move events:        	75975
	Number of evaporation events: 	0
	Hamiltonian cycle:

Observation number: 	3
    Present instant:              	450.0117253974279
    Number of move events:        	113605
    Number of evaporation events: 	31328
    Hamiltonian cycle:            	{1,958,601,743,742,580,813,339,940,614,551,142,367,573,39,665,879,86,171,451,792,721,753,141,712,690,541,24,140,702,65,466,208,553,870,97,438,354,558,505,68,710,80,380,270,512,701,805,267,686,288,330,145,444,271,22,340,844,456,246,104,91,613,537,894,936,346,198,582,763,695,768,302,504,249,806,566,957,471,771,754,169,399,429,107,184,327,59,866,433,544,316,323,549,839,105,612,903,10,110,884,636,859,670,382,58,715,12,400,94,152,641,876,869,108,280,628,143,294,782,543,71,284,885,599,892,297,868,194,187,265,430,490,684,255,696,871,724,32,475,155,970,218,412,402,750,615,295,983,577,149,435,298,847,263,137,417,857,732,238,540,51,287,621,325,290,794,799,329,394,261,597,335,666,510,122,836,673,963,419,610,995,274,778,717,579,652,331,259,45,28,447,982,928,360,439,237,344,924,918,379,385,113,102,130,233,319,345,592,18,393,508,774,139,166,898,326,41,133,244,552,66,720,247,511,746,689,663,867,378,407,909,779,910,120,722,656,414,756,748,706,711,630,787,547,993,680,849,460,201,11,969,645,635,625,211,804,908,688,530,803,781,808,653,182,961,791,27,854,467,436,386,416,657,457,115,760,99,112,272,79,420,912,348,206,833,328,176,861,668,332,150,533,713,232,74,687,151,461,919,604,488,966,49,507,901,180,434,100,124,539,528,767,126,114,965,363,425,850,427,943,816,383,37,6,822,917,465,568,837,245,700,929,389,874,948,679,937,646,219,589,985,160,893,501,333,810,421,506,718,390,111,823,698,158,583,761,174,926,595,873,147,53,807,397,77,448,312,337,556,186,709,84,725,14,797,109,257,90,950,735,744,440,406,480,493,422,479,545,678,996,945,278,25,33,258,464,358,821,818,161,931,8,364,477,388,282,489,998,795,283,19,640,598,736,852,281,260,973,224,899,509,205,947,23,904,168,87,739,13,88,976,681,213,588,565,308,234,886,872,285,593,209,843,7,762,256,692,519,525,185,500,387,757,642,546,703,95,482,216,268,170,359,907,941,31,5,117,225,878,20,178,895,978,148,536,254,574,275,202,800,984,496,43,462,138,647,497,119,426,418,658,619,676,896,98,889,606,515,572,304,964,123,671,401,251,203,226,311,623,812,181,200,470,92,605,221,301,644,860,309,240,758,253,134,685,3,802,694,392,212,1000,775,930,351,491,129,235,372,362,127,118,570,727,988,609,705,820,314,369,197,559,82,55,790,52,576,773,784,664,210,35,411,371,661,365,811,531,883,755,449,999,691,146,838,989,264,54,450,318,495,708,223,853,535,441,172,241,83,131,819,575,132,980,498,487,891,494,714,40,955,682,135,796,569,125,431,934,581,458,474,855,357,550,473,987,997,864,368,946,951,835,324,376,266,355,888,971,70,922,101,183,662,336,121,454,453,61,564,250,455,827,217,877,856,932,370,578,608,452,788,829,242,986,229,626,191,865,207,902,585,299,959,523,890,920,529,624,798,300,697,707,953,660,103,396,76,403,164,933,154,554,353,190,728,405,50,377,916,897,252,322,72,286,239,733,156,648,845,527,745,361,157,674,991,764,789,215,381,600,548,749,611,273,4,445,341,977,16,342,655,567,47,437,960,514,81,786,741,502,587,315,906,561,177,204,949,366,484,30,634,391,858,524,89,830,617,557,780,772,289,944,659,334,373,513,338,196,834,968,935,913,516,356,769,677,729,293,469,17,752,737,518,248,649,962,596,321,349,173,46,914,734,222,62,942,404,214,990,842,602,384,279,992,777,765,306,672,776,75,738,395,60,639,571,522,887,410,193,93,442,584,654,699,826,848,832,486,423,638,675,719,291,26,828,766,915,63,631,938,840,163,375,586,560,526,667,69,21,443,875,824,57,29,153,632,296,723,116,162,825,459,188,817,144,521,165,637,307,693,485,972,106,669,862,189,726,921,415,15,629,305,650,67,42,408,468,994,413,492,881,179,374,2,478,398,927,967,428,620,740,262,9,841,269,343,236,542,809,96,503,704,880,220,38,923,594,747,846,751,591,643,78,814,563,499,64,48,409,532,730,195,350,534,231,317,313,956,230,517,36,925,952,939,538,618,292,347,905,472,954,276,476,159,303,783,815,974,73,633,34,911,603,199,175,785,801,352,882,320,128,483,622,446,555,277,432,979,136,851,607,863,716,627,651,85,759,192,770,562,167,981,520,975,44,481,243,731,463,616,227,831,228,683,424,900,310,793,56,590}

Observation number: 	4
	Present instant:              	600.0009812078808
	Number of move events:        	151505
	Number of evaporation events: 	31328
	Hamiltonian cycle:            	{1,958,601,743,742,580,813,339,940,614,551,142,367,573,39,665,879,86,171,451,792,721,753,141,712,690,541,24,140,702,65,466,208,553,870,97,438,354,558,505,68,710,80,380,270,512,701,805,267,686,288,330,145,444,271,22,340,844,456,246,104,91,613,537,894,936,346,198,582,763,695,768,302,504,249,806,566,957,471,771,754,169,399,429,107,184,327,59,866,433,544,316,323,549,839,105,612,903,10,110,884,636,859,670,382,58,715,12,400,94,152,641,876,869,108,280,628,143,294,782,543,71,284,885,599,892,297,868,194,187,265,430,490,684,255,696,871,724,32,475,155,970,218,412,402,750,615,295,983,577,149,435,298,847,263,137,417,857,732,238,540,51,287,621,325,290,794,799,329,394,261,597,335,666,510,122,836,673,963,419,610,995,274,778,717,579,652,331,259,45,28,447,982,928,360,439,237,344,924,918,379,385,113,102,130,233,319,345,592,18,393,508,774,139,166,898,326,41,133,244,552,66,720,247,511,746,689,663,867,378,407,909,779,910,120,722,656,414,756,748,706,711,630,787,547,993,680,849,460,201,11,969,645,635,625,211,804,908,688,530,803,781,808,653,182,961,791,27,854,467,436,386,416,657,457,115,760,99,112,272,79,420,912,348,206,833,328,176,861,668,332,150,533,713,232,74,687,151,461,919,604,488,966,49,507,901,180,434,100,124,539,528,767,126,114,965,363,425,850,427,943,816,383,37,6,822,917,465,568,837,245,700,929,389,874,948,679,937,646,219,589,985,160,893,501,333,810,421,506,718,390,111,823,698,158,583,761,174,926,595,873,147,53,807,397,77,448,312,337,556,186,709,84,725,14,797,109,257,90,950,735,744,440,406,480,493,422,479,545,678,996,945,278,25,33,258,464,358,821,818,161,931,8,364,477,388,282,489,998,795,283,19,640,598,736,852,281,260,973,224,899,509,205,947,23,904,168,87,739,13,88,976,681,213,588,565,308,234,886,872,285,593,209,843,7,762,256,692,519,525,185,500,387,757,642,546,703,95,482,216,268,170,359,907,941,31,5,117,225,878,20,178,895,978,148,536,254,574,275,202,800,984,496,43,462,138,647,497,119,426,418,658,619,676,896,98,889,606,515,572,304,964,123,671,401,251,203,226,311,623,812,181,200,470,92,605,221,301,644,860,309,240,758,253,134,685,3,802,694,392,212,1000,775,930,351,491,129,235,372,362,127,118,570,727,988,609,705,820,314,369,197,559,82,55,790,52,576,773,784,664,210,35,411,371,661,365,811,531,883,755,449,999,691,146,838,989,264,54,450,318,495,708,223,853,535,441,172,241,83,131,819,575,132,980,498,487,891,494,714,40,955,682,135,796,569,125,431,934,581,458,474,855,357,550,473,987,997,864,368,946,951,835,324,376,266,355,888,971,70,922,101,183,662,336,121,454,453,61,564,250,455,827,217,877,856,932,370,578,608,452,788,829,242,986,229,626,191,865,207,902,585,299,959,523,890,920,529,624,798,300,697,707,953,660,103,396,76,403,164,933,154,554,353,190,728,405,50,377,916,897,252,322,72,286,239,733,156,648,845,527,745,361,157,674,991,764,789,215,381,600,548,749,611,273,4,445,341,977,16,342,655,567,47,437,960,514,81,786,741,502,587,315,906,561,177,204,949,366,484,30,634,391,858,524,89,830,617,557,780,772,289,944,659,334,373,513,338,196,834,968,935,913,516,356,769,677,729,293,469,17,752,737,518,248,649,962,596,321,349,173,46,914,734,222,62,942,404,214,990,842,602,384,279,992,777,765,306,672,776,75,738,395,60,639,571,522,887,410,193,93,442,584,654,699,826,848,832,486,423,638,675,719,291,26,828,766,915,63,631,938,840,163,375,586,560,526,667,69,21,443,875,824,57,29,153,632,296,723,116,162,825,459,188,817,144,521,165,637,307,693,485,972,106,669,862,189,726,921,415,15,629,305,650,67,42,408,468,994,413,492,881,179,374,2,478,398,927,967,428,620,740,262,9,841,269,343,236,542,809,96,503,704,880,220,38,923,594,747,846,751,591,643,78,814,563,499,64,48,409,532,730,195,350,534,231,317,313,956,230,517,36,925,952,939,538,618,292,347,905,472,954,276,476,159,303,783,815,974,73,633,34,911,603,199,175,785,801,352,882,320,128,483,622,446,555,277,432,979,136,851,607,863,716,627,651,85,759,192,770,562,167,981,520,975,44,481,243,731,463,616,227,831,228,683,424,900,310,793,56,590}

Observation number: 	5
	 Present instant:              	750.0026105160547
	 Number of move events:        	189541
	 Number of evaporation events: 	31328
	 Hamiltonian cycle:            	{1,958,601,743,742,580,813,339,940,614,551,142,367,573,39,665,879,86,171,451,792,721,753,141,712,690,541,24,140,702,65,466,208,553,870,97,438,354,558,505,68,710,80,380,270,512,701,805,267,686,288,330,145,444,271,22,340,844,456,246,104,91,613,537,894,936,346,198,582,763,695,768,302,504,249,806,566,957,471,771,754,169,399,429,107,184,327,59,866,433,544,316,323,549,839,105,612,903,10,110,884,636,859,670,382,58,715,12,400,94,152,641,876,869,108,280,628,143,294,782,543,71,284,885,599,892,297,868,194,187,265,430,490,684,255,696,871,724,32,475,155,970,218,412,402,750,615,295,983,577,149,435,298,847,263,137,417,857,732,238,540,51,287,621,325,290,794,799,329,394,261,597,335,666,510,122,836,673,963,419,610,995,274,778,717,579,652,331,259,45,28,447,982,928,360,439,237,344,924,918,379,385,113,102,130,233,319,345,592,18,393,508,774,139,166,898,326,41,133,244,552,66,720,247,511,746,689,663,867,378,407,909,779,910,120,722,656,414,756,748,706,711,630,787,547,993,680,849,460,201,11,969,645,635,625,211,804,908,688,530,803,781,808,653,182,961,791,27,854,467,436,386,416,657,457,115,760,99,112,272,79,420,912,348,206,833,328,176,861,668,332,150,533,713,232,74,687,151,461,919,604,488,966,49,507,901,180,434,100,124,539,528,767,126,114,965,363,425,850,427,943,816,383,37,6,822,917,465,568,837,245,700,929,389,874,948,679,937,646,219,589,985,160,893,501,333,810,421,506,718,390,111,823,698,158,583,761,174,926,595,873,147,53,807,397,77,448,312,337,556,186,709,84,725,14,797,109,257,90,950,735,744,440,406,480,493,422,479,545,678,996,945,278,25,33,258,464,358,821,818,161,931,8,364,477,388,282,489,998,795,283,19,640,598,736,852,281,260,973,224,899,509,205,947,23,904,168,87,739,13,88,976,681,213,588,565,308,234,886,872,285,593,209,843,7,762,256,692,519,525,185,500,387,757,642,546,703,95,482,216,268,170,359,907,941,31,5,117,225,878,20,178,895,978,148,536,254,574,275,202,800,984,496,43,462,138,647,497,119,426,418,658,619,676,896,98,889,606,515,572,304,964,123,671,401,251,203,226,311,623,812,181,200,470,92,605,221,301,644,860,309,240,758,253,134,685,3,802,694,392,212,1000,775,930,351,491,129,235,372,362,127,118,570,727,988,609,705,820,314,369,197,559,82,55,790,52,576,773,784,664,210,35,411,371,661,365,811,531,883,755,449,999,691,146,838,989,264,54,450,318,495,708,223,853,535,441,172,241,83,131,819,575,132,980,498,487,891,494,714,40,955,682,135,796,569,125,431,934,581,458,474,855,357,550,473,987,997,864,368,946,951,835,324,376,266,355,888,971,70,922,101,183,662,336,121,454,453,61,564,250,455,827,217,877,856,932,370,578,608,452,788,829,242,986,229,626,191,865,207,902,585,299,959,523,890,920,529,624,798,300,697,707,953,660,103,396,76,403,164,933,154,554,353,190,728,405,50,377,916,897,252,322,72,286,239,733,156,648,845,527,745,361,157,674,991,764,789,215,381,600,548,749,611,273,4,445,341,977,16,342,655,567,47,437,960,514,81,786,741,502,587,315,906,561,177,204,949,366,484,30,634,391,858,524,89,830,617,557,780,772,289,944,659,334,373,513,338,196,834,968,935,913,516,356,769,677,729,293,469,17,752,737,518,248,649,962,596,321,349,173,46,914,734,222,62,942,404,214,990,842,602,384,279,992,777,765,306,672,776,75,738,395,60,639,571,522,887,410,193,93,442,584,654,699,826,848,832,486,423,638,675,719,291,26,828,766,915,63,631,938,840,163,375,586,560,526,667,69,21,443,875,824,57,29,153,632,296,723,116,162,825,459,188,817,144,521,165,637,307,693,485,972,106,669,862,189,726,921,415,15,629,305,650,67,42,408,468,994,413,492,881,179,374,2,478,398,927,967,428,620,740,262,9,841,269,343,236,542,809,96,503,704,880,220,38,923,594,747,846,751,591,643,78,814,563,499,64,48,409,532,730,195,350,534,231,317,313,956,230,517,36,925,952,939,538,618,292,347,905,472,954,276,476,159,303,783,815,974,73,633,34,911,603,199,175,785,801,352,882,320,128,483,622,446,555,277,432,979,136,851,607,863,716,627,651,85,759,192,770,562,167,981,520,975,44,481,243,731,463,616,227,831,228,683,424,900,310,793,56,590}

Observation number: 	6
	 Present instant:              	900.0000389056783
	 Number of move events:        	227034
	 Number of evaporation events: 	31328
	 Hamiltonian cycle:            	{1,958,601,743,742,580,813,339,940,614,551,142,367,573,39,665,879,86,171,451,792,721,753,141,712,690,541,24,140,702,65,466,208,553,870,97,438,354,558,505,68,710,80,380,270,512,701,805,267,686,288,330,145,444,271,22,340,844,456,246,104,91,613,537,894,936,346,198,582,763,695,768,302,504,249,806,566,957,471,771,754,169,399,429,107,184,327,59,866,433,544,316,323,549,839,105,612,903,10,110,884,636,859,670,382,58,715,12,400,94,152,641,876,869,108,280,628,143,294,782,543,71,284,885,599,892,297,868,194,187,265,430,490,684,255,696,871,724,32,475,155,970,218,412,402,750,615,295,983,577,149,435,298,847,263,137,417,857,732,238,540,51,287,621,325,290,794,799,329,394,261,597,335,666,510,122,836,673,963,419,610,995,274,778,717,579,652,331,259,45,28,447,982,928,360,439,237,344,924,918,379,385,113,102,130,233,319,345,592,18,393,508,774,139,166,898,326,41,133,244,552,66,720,247,511,746,689,663,867,378,407,909,779,910,120,722,656,414,756,748,706,711,630,787,547,993,680,849,460,201,11,969,645,635,625,211,804,908,688,530,803,781,808,653,182,961,791,27,854,467,436,386,416,657,457,115,760,99,112,272,79,420,912,348,206,833,328,176,861,668,332,150,533,713,232,74,687,151,461,919,604,488,966,49,507,901,180,434,100,124,539,528,767,126,114,965,363,425,850,427,943,816,383,37,6,822,917,465,568,837,245,700,929,389,874,948,679,937,646,219,589,985,160,893,501,333,810,421,506,718,390,111,823,698,158,583,761,174,926,595,873,147,53,807,397,77,448,312,337,556,186,709,84,725,14,797,109,257,90,950,735,744,440,406,480,493,422,479,545,678,996,945,278,25,33,258,464,358,821,818,161,931,8,364,477,388,282,489,998,795,283,19,640,598,736,852,281,260,973,224,899,509,205,947,23,904,168,87,739,13,88,976,681,213,588,565,308,234,886,872,285,593,209,843,7,762,256,692,519,525,185,500,387,757,642,546,703,95,482,216,268,170,359,907,941,31,5,117,225,878,20,178,895,978,148,536,254,574,275,202,800,984,496,43,462,138,647,497,119,426,418,658,619,676,896,98,889,606,515,572,304,964,123,671,401,251,203,226,311,623,812,181,200,470,92,605,221,301,644,860,309,240,758,253,134,685,3,802,694,392,212,1000,775,930,351,491,129,235,372,362,127,118,570,727,988,609,705,820,314,369,197,559,82,55,790,52,576,773,784,664,210,35,411,371,661,365,811,531,883,755,449,999,691,146,838,989,264,54,450,318,495,708,223,853,535,441,172,241,83,131,819,575,132,980,498,487,891,494,714,40,955,682,135,796,569,125,431,934,581,458,474,855,357,550,473,987,997,864,368,946,951,835,324,376,266,355,888,971,70,922,101,183,662,336,121,454,453,61,564,250,455,827,217,877,856,932,370,578,608,452,788,829,242,986,229,626,191,865,207,902,585,299,959,523,890,920,529,624,798,300,697,707,953,660,103,396,76,403,164,933,154,554,353,190,728,405,50,377,916,897,252,322,72,286,239,733,156,648,845,527,745,361,157,674,991,764,789,215,381,600,548,749,611,273,4,445,341,977,16,342,655,567,47,437,960,514,81,786,741,502,587,315,906,561,177,204,949,366,484,30,634,391,858,524,89,830,617,557,780,772,289,944,659,334,373,513,338,196,834,968,935,913,516,356,769,677,729,293,469,17,752,737,518,248,649,962,596,321,349,173,46,914,734,222,62,942,404,214,990,842,602,384,279,992,777,765,306,672,776,75,738,395,60,639,571,522,887,410,193,93,442,584,654,699,826,848,832,486,423,638,675,719,291,26,828,766,915,63,631,938,840,163,375,586,560,526,667,69,21,443,875,824,57,29,153,632,296,723,116,162,825,459,188,817,144,521,165,637,307,693,485,972,106,669,862,189,726,921,415,15,629,305,650,67,42,408,468,994,413,492,881,179,374,2,478,398,927,967,428,620,740,262,9,841,269,343,236,542,809,96,503,704,880,220,38,923,594,747,846,751,591,643,78,814,563,499,64,48,409,532,730,195,350,534,231,317,313,956,230,517,36,925,952,939,538,618,292,347,905,472,954,276,476,159,303,783,815,974,73,633,34,911,603,199,175,785,801,352,882,320,128,483,622,446,555,277,432,979,136,851,607,863,716,627,651,85,759,192,770,562,167,981,520,975,44,481,243,731,463,616,227,831,228,683,424,900,310,793,56,590}

Observation number: 	7
	 Present instant:              	1050.0102979069172
	 Number of move events:        	264779
	 Number of evaporation events: 	31328
	 Hamiltonian cycle:            	{1,958,601,743,742,580,813,339,940,614,551,142,367,573,39,665,879,86,171,451,792,721,753,141,712,690,541,24,140,702,65,466,208,553,870,97,438,354,558,505,68,710,80,380,270,512,701,805,267,686,288,330,145,444,271,22,340,844,456,246,104,91,613,537,894,936,346,198,582,763,695,768,302,504,249,806,566,957,471,771,754,169,399,429,107,184,327,59,866,433,544,316,323,549,839,105,612,903,10,110,884,636,859,670,382,58,715,12,400,94,152,641,876,869,108,280,628,143,294,782,543,71,284,885,599,892,297,868,194,187,265,430,490,684,255,696,871,724,32,475,155,970,218,412,402,750,615,295,983,577,149,435,298,847,263,137,417,857,732,238,540,51,287,621,325,290,794,799,329,394,261,597,335,666,510,122,836,673,963,419,610,995,274,778,717,579,652,331,259,45,28,447,982,928,360,439,237,344,924,918,379,385,113,102,130,233,319,345,592,18,393,508,774,139,166,898,326,41,133,244,552,66,720,247,511,746,689,663,867,378,407,909,779,910,120,722,656,414,756,748,706,711,630,787,547,993,680,849,460,201,11,969,645,635,625,211,804,908,688,530,803,781,808,653,182,961,791,27,854,467,436,386,416,657,457,115,760,99,112,272,79,420,912,348,206,833,328,176,861,668,332,150,533,713,232,74,687,151,461,919,604,488,966,49,507,901,180,434,100,124,539,528,767,126,114,965,363,425,850,427,943,816,383,37,6,822,917,465,568,837,245,700,929,389,874,948,679,937,646,219,589,985,160,893,501,333,810,421,506,718,390,111,823,698,158,583,761,174,926,595,873,147,53,807,397,77,448,312,337,556,186,709,84,725,14,797,109,257,90,950,735,744,440,406,480,493,422,479,545,678,996,945,278,25,33,258,464,358,821,818,161,931,8,364,477,388,282,489,998,795,283,19,640,598,736,852,281,260,973,224,899,509,205,947,23,904,168,87,739,13,88,976,681,213,588,565,308,234,886,872,285,593,209,843,7,762,256,692,519,525,185,500,387,757,642,546,703,95,482,216,268,170,359,907,941,31,5,117,225,878,20,178,895,978,148,536,254,574,275,202,800,984,496,43,462,138,647,497,119,426,418,658,619,676,896,98,889,606,515,572,304,964,123,671,401,251,203,226,311,623,812,181,200,470,92,605,221,301,644,860,309,240,758,253,134,685,3,802,694,392,212,1000,775,930,351,491,129,235,372,362,127,118,570,727,988,609,705,820,314,369,197,559,82,55,790,52,576,773,784,664,210,35,411,371,661,365,811,531,883,755,449,999,691,146,838,989,264,54,450,318,495,708,223,853,535,441,172,241,83,131,819,575,132,980,498,487,891,494,714,40,955,682,135,796,569,125,431,934,581,458,474,855,357,550,473,987,997,864,368,946,951,835,324,376,266,355,888,971,70,922,101,183,662,336,121,454,453,61,564,250,455,827,217,877,856,932,370,578,608,452,788,829,242,986,229,626,191,865,207,902,585,299,959,523,890,920,529,624,798,300,697,707,953,660,103,396,76,403,164,933,154,554,353,190,728,405,50,377,916,897,252,322,72,286,239,733,156,648,845,527,745,361,157,674,991,764,789,215,381,600,548,749,611,273,4,445,341,977,16,342,655,567,47,437,960,514,81,786,741,502,587,315,906,561,177,204,949,366,484,30,634,391,858,524,89,830,617,557,780,772,289,944,659,334,373,513,338,196,834,968,935,913,516,356,769,677,729,293,469,17,752,737,518,248,649,962,596,321,349,173,46,914,734,222,62,942,404,214,990,842,602,384,279,992,777,765,306,672,776,75,738,395,60,639,571,522,887,410,193,93,442,584,654,699,826,848,832,486,423,638,675,719,291,26,828,766,915,63,631,938,840,163,375,586,560,526,667,69,21,443,875,824,57,29,153,632,296,723,116,162,825,459,188,817,144,521,165,637,307,693,485,972,106,669,862,189,726,921,415,15,629,305,650,67,42,408,468,994,413,492,881,179,374,2,478,398,927,967,428,620,740,262,9,841,269,343,236,542,809,96,503,704,880,220,38,923,594,747,846,751,591,643,78,814,563,499,64,48,409,532,730,195,350,534,231,317,313,956,230,517,36,925,952,939,538,618,292,347,905,472,954,276,476,159,303,783,815,974,73,633,34,911,603,199,175,785,801,352,882,320,128,483,622,446,555,277,432,979,136,851,607,863,716,627,651,85,759,192,770,562,167,981,520,975,44,481,243,731,463,616,227,831,228,683,424,900,310,793,56,590}

Observation number: 	8
	 Present instant:              	1200.0070060621667
	 Number of move events:        	302577
	 Number of evaporation events: 	31328
	 Hamiltonian cycle:            	{1,958,601,743,742,580,813,339,940,614,551,142,367,573,39,665,879,86,171,451,792,721,753,141,712,690,541,24,140,702,65,466,208,553,870,97,438,354,558,505,68,710,80,380,270,512,701,805,267,686,288,330,145,444,271,22,340,844,456,246,104,91,613,537,894,936,346,198,582,763,695,768,302,504,249,806,566,957,471,771,754,169,399,429,107,184,327,59,866,433,544,316,323,549,839,105,612,903,10,110,884,636,859,670,382,58,715,12,400,94,152,641,876,869,108,280,628,143,294,782,543,71,284,885,599,892,297,868,194,187,265,430,490,684,255,696,871,724,32,475,155,970,218,412,402,750,615,295,983,577,149,435,298,847,263,137,417,857,732,238,540,51,287,621,325,290,794,799,329,394,261,597,335,666,510,122,836,673,963,419,610,995,274,778,717,579,652,331,259,45,28,447,982,928,360,439,237,344,924,918,379,385,113,102,130,233,319,345,592,18,393,508,774,139,166,898,326,41,133,244,552,66,720,247,511,746,689,663,867,378,407,909,779,910,120,722,656,414,756,748,706,711,630,787,547,993,680,849,460,201,11,969,645,635,625,211,804,908,688,530,803,781,808,653,182,961,791,27,854,467,436,386,416,657,457,115,760,99,112,272,79,420,912,348,206,833,328,176,861,668,332,150,533,713,232,74,687,151,461,919,604,488,966,49,507,901,180,434,100,124,539,528,767,126,114,965,363,425,850,427,943,816,383,37,6,822,917,465,568,837,245,700,929,389,874,948,679,937,646,219,589,985,160,893,501,333,810,421,506,718,390,111,823,698,158,583,761,174,926,595,873,147,53,807,397,77,448,312,337,556,186,709,84,725,14,797,109,257,90,950,735,744,440,406,480,493,422,479,545,678,996,945,278,25,33,258,464,358,821,818,161,931,8,364,477,388,282,489,998,795,283,19,640,598,736,852,281,260,973,224,899,509,205,947,23,904,168,87,739,13,88,976,681,213,588,565,308,234,886,872,285,593,209,843,7,762,256,692,519,525,185,500,387,757,642,546,703,95,482,216,268,170,359,907,941,31,5,117,225,878,20,178,895,978,148,536,254,574,275,202,800,984,496,43,462,138,647,497,119,426,418,658,619,676,896,98,889,606,515,572,304,964,123,671,401,251,203,226,311,623,812,181,200,470,92,605,221,301,644,860,309,240,758,253,134,685,3,802,694,392,212,1000,775,930,351,491,129,235,372,362,127,118,570,727,988,609,705,820,314,369,197,559,82,55,790,52,576,773,784,664,210,35,411,371,661,365,811,531,883,755,449,999,691,146,838,989,264,54,450,318,495,708,223,853,535,441,172,241,83,131,819,575,132,980,498,487,891,494,714,40,955,682,135,796,569,125,431,934,581,458,474,855,357,550,473,987,997,864,368,946,951,835,324,376,266,355,888,971,70,922,101,183,662,336,121,454,453,61,564,250,455,827,217,877,856,932,370,578,608,452,788,829,242,986,229,626,191,865,207,902,585,299,959,523,890,920,529,624,798,300,697,707,953,660,103,396,76,403,164,933,154,554,353,190,728,405,50,377,916,897,252,322,72,286,239,733,156,648,845,527,745,361,157,674,991,764,789,215,381,600,548,749,611,273,4,445,341,977,16,342,655,567,47,437,960,514,81,786,741,502,587,315,906,561,177,204,949,366,484,30,634,391,858,524,89,830,617,557,780,772,289,944,659,334,373,513,338,196,834,968,935,913,516,356,769,677,729,293,469,17,752,737,518,248,649,962,596,321,349,173,46,914,734,222,62,942,404,214,990,842,602,384,279,992,777,765,306,672,776,75,738,395,60,639,571,522,887,410,193,93,442,584,654,699,826,848,832,486,423,638,675,719,291,26,828,766,915,63,631,938,840,163,375,586,560,526,667,69,21,443,875,824,57,29,153,632,296,723,116,162,825,459,188,817,144,521,165,637,307,693,485,972,106,669,862,189,726,921,415,15,629,305,650,67,42,408,468,994,413,492,881,179,374,2,478,398,927,967,428,620,740,262,9,841,269,343,236,542,809,96,503,704,880,220,38,923,594,747,846,751,591,643,78,814,563,499,64,48,409,532,730,195,350,534,231,317,313,956,230,517,36,925,952,939,538,618,292,347,905,472,954,276,476,159,303,783,815,974,73,633,34,911,603,199,175,785,801,352,882,320,128,483,622,446,555,277,432,979,136,851,607,863,716,627,651,85,759,192,770,562,167,981,520,975,44,481,243,731,463,616,227,831,228,683,424,900,310,793,56,590}

Observation number: 	9
	 Present instant:              	1350.0066636438837
	 Number of move events:        	340521
	 Number of evaporation events: 	31328
	 Hamiltonian cycle:            	{1,958,601,743,742,580,813,339,940,614,551,142,367,573,39,665,879,86,171,451,792,721,753,141,712,690,541,24,140,702,65,466,208,553,870,97,438,354,558,505,68,710,80,380,270,512,701,805,267,686,288,330,145,444,271,22,340,844,456,246,104,91,613,537,894,936,346,198,582,763,695,768,302,504,249,806,566,957,471,771,754,169,399,429,107,184,327,59,866,433,544,316,323,549,839,105,612,903,10,110,884,636,859,670,382,58,715,12,400,94,152,641,876,869,108,280,628,143,294,782,543,71,284,885,599,892,297,868,194,187,265,430,490,684,255,696,871,724,32,475,155,970,218,412,402,750,615,295,983,577,149,435,298,847,263,137,417,857,732,238,540,51,287,621,325,290,794,799,329,394,261,597,335,666,510,122,836,673,963,419,610,995,274,778,717,579,652,331,259,45,28,447,982,928,360,439,237,344,924,918,379,385,113,102,130,233,319,345,592,18,393,508,774,139,166,898,326,41,133,244,552,66,720,247,511,746,689,663,867,378,407,909,779,910,120,722,656,414,756,748,706,711,630,787,547,993,680,849,460,201,11,969,645,635,625,211,804,908,688,530,803,781,808,653,182,961,791,27,854,467,436,386,416,657,457,115,760,99,112,272,79,420,912,348,206,833,328,176,861,668,332,150,533,713,232,74,687,151,461,919,604,488,966,49,507,901,180,434,100,124,539,528,767,126,114,965,363,425,850,427,943,816,383,37,6,822,917,465,568,837,245,700,929,389,874,948,679,937,646,219,589,985,160,893,501,333,810,421,506,718,390,111,823,698,158,583,761,174,926,595,873,147,53,807,397,77,448,312,337,556,186,709,84,725,14,797,109,257,90,950,735,744,440,406,480,493,422,479,545,678,996,945,278,25,33,258,464,358,821,818,161,931,8,364,477,388,282,489,998,795,283,19,640,598,736,852,281,260,973,224,899,509,205,947,23,904,168,87,739,13,88,976,681,213,588,565,308,234,886,872,285,593,209,843,7,762,256,692,519,525,185,500,387,757,642,546,703,95,482,216,268,170,359,907,941,31,5,117,225,878,20,178,895,978,148,536,254,574,275,202,800,984,496,43,462,138,647,497,119,426,418,658,619,676,896,98,889,606,515,572,304,964,123,671,401,251,203,226,311,623,812,181,200,470,92,605,221,301,644,860,309,240,758,253,134,685,3,802,694,392,212,1000,775,930,351,491,129,235,372,362,127,118,570,727,988,609,705,820,314,369,197,559,82,55,790,52,576,773,784,664,210,35,411,371,661,365,811,531,883,755,449,999,691,146,838,989,264,54,450,318,495,708,223,853,535,441,172,241,83,131,819,575,132,980,498,487,891,494,714,40,955,682,135,796,569,125,431,934,581,458,474,855,357,550,473,987,997,864,368,946,951,835,324,376,266,355,888,971,70,922,101,183,662,336,121,454,453,61,564,250,455,827,217,877,856,932,370,578,608,452,788,829,242,986,229,626,191,865,207,902,585,299,959,523,890,920,529,624,798,300,697,707,953,660,103,396,76,403,164,933,154,554,353,190,728,405,50,377,916,897,252,322,72,286,239,733,156,648,845,527,745,361,157,674,991,764,789,215,381,600,548,749,611,273,4,445,341,977,16,342,655,567,47,437,960,514,81,786,741,502,587,315,906,561,177,204,949,366,484,30,634,391,858,524,89,830,617,557,780,772,289,944,659,334,373,513,338,196,834,968,935,913,516,356,769,677,729,293,469,17,752,737,518,248,649,962,596,321,349,173,46,914,734,222,62,942,404,214,990,842,602,384,279,992,777,765,306,672,776,75,738,395,60,639,571,522,887,410,193,93,442,584,654,699,826,848,832,486,423,638,675,719,291,26,828,766,915,63,631,938,840,163,375,586,560,526,667,69,21,443,875,824,57,29,153,632,296,723,116,162,825,459,188,817,144,521,165,637,307,693,485,972,106,669,862,189,726,921,415,15,629,305,650,67,42,408,468,994,413,492,881,179,374,2,478,398,927,967,428,620,740,262,9,841,269,343,236,542,809,96,503,704,880,220,38,923,594,747,846,751,591,643,78,814,563,499,64,48,409,532,730,195,350,534,231,317,313,956,230,517,36,925,952,939,538,618,292,347,905,472,954,276,476,159,303,783,815,974,73,633,34,911,603,199,175,785,801,352,882,320,128,483,622,446,555,277,432,979,136,851,607,863,716,627,651,85,759,192,770,562,167,981,520,975,44,481,243,731,463,616,227,831,228,683,424,900,310,793,56,590}

Observation number: 	10
	 Present instant:              	1500.0006858487852
	 Number of move events:        	378268
	 Number of evaporation events: 	31328
	 Hamiltonian cycle:            	{1,958,601,743,742,580,813,339,940,614,551,142,367,573,39,665,879,86,171,451,792,721,753,141,712,690,541,24,140,702,65,466,208,553,870,97,438,354,558,505,68,710,80,380,270,512,701,805,267,686,288,330,145,444,271,22,340,844,456,246,104,91,613,537,894,936,346,198,582,763,695,768,302,504,249,806,566,957,471,771,754,169,399,429,107,184,327,59,866,433,544,316,323,549,839,105,612,903,10,110,884,636,859,670,382,58,715,12,400,94,152,641,876,869,108,280,628,143,294,782,543,71,284,885,599,892,297,868,194,187,265,430,490,684,255,696,871,724,32,475,155,970,218,412,402,750,615,295,983,577,149,435,298,847,263,137,417,857,732,238,540,51,287,621,325,290,794,799,329,394,261,597,335,666,510,122,836,673,963,419,610,995,274,778,717,579,652,331,259,45,28,447,982,928,360,439,237,344,924,918,379,385,113,102,130,233,319,345,592,18,393,508,774,139,166,898,326,41,133,244,552,66,720,247,511,746,689,663,867,378,407,909,779,910,120,722,656,414,756,748,706,711,630,787,547,993,680,849,460,201,11,969,645,635,625,211,804,908,688,530,803,781,808,653,182,961,791,27,854,467,436,386,416,657,457,115,760,99,112,272,79,420,912,348,206,833,328,176,861,668,332,150,533,713,232,74,687,151,461,919,604,488,966,49,507,901,180,434,100,124,539,528,767,126,114,965,363,425,850,427,943,816,383,37,6,822,917,465,568,837,245,700,929,389,874,948,679,937,646,219,589,985,160,893,501,333,810,421,506,718,390,111,823,698,158,583,761,174,926,595,873,147,53,807,397,77,448,312,337,556,186,709,84,725,14,797,109,257,90,950,735,744,440,406,480,493,422,479,545,678,996,945,278,25,33,258,464,358,821,818,161,931,8,364,477,388,282,489,998,795,283,19,640,598,736,852,281,260,973,224,899,509,205,947,23,904,168,87,739,13,88,976,681,213,588,565,308,234,886,872,285,593,209,843,7,762,256,692,519,525,185,500,387,757,642,546,703,95,482,216,268,170,359,907,941,31,5,117,225,878,20,178,895,978,148,536,254,574,275,202,800,984,496,43,462,138,647,497,119,426,418,658,619,676,896,98,889,606,515,572,304,964,123,671,401,251,203,226,311,623,812,181,200,470,92,605,221,301,644,860,309,240,758,253,134,685,3,802,694,392,212,1000,775,930,351,491,129,235,372,362,127,118,570,727,988,609,705,820,314,369,197,559,82,55,790,52,576,773,784,664,210,35,411,371,661,365,811,531,883,755,449,999,691,146,838,989,264,54,450,318,495,708,223,853,535,441,172,241,83,131,819,575,132,980,498,487,891,494,714,40,955,682,135,796,569,125,431,934,581,458,474,855,357,550,473,987,997,864,368,946,951,835,324,376,266,355,888,971,70,922,101,183,662,336,121,454,453,61,564,250,455,827,217,877,856,932,370,578,608,452,788,829,242,986,229,626,191,865,207,902,585,299,959,523,890,920,529,624,798,300,697,707,953,660,103,396,76,403,164,933,154,554,353,190,728,405,50,377,916,897,252,322,72,286,239,733,156,648,845,527,745,361,157,674,991,764,789,215,381,600,548,749,611,273,4,445,341,977,16,342,655,567,47,437,960,514,81,786,741,502,587,315,906,561,177,204,949,366,484,30,634,391,858,524,89,830,617,557,780,772,289,944,659,334,373,513,338,196,834,968,935,913,516,356,769,677,729,293,469,17,752,737,518,248,649,962,596,321,349,173,46,914,734,222,62,942,404,214,990,842,602,384,279,992,777,765,306,672,776,75,738,395,60,639,571,522,887,410,193,93,442,584,654,699,826,848,832,486,423,638,675,719,291,26,828,766,915,63,631,938,840,163,375,586,560,526,667,69,21,443,875,824,57,29,153,632,296,723,116,162,825,459,188,817,144,521,165,637,307,693,485,972,106,669,862,189,726,921,415,15,629,305,650,67,42,408,468,994,413,492,881,179,374,2,478,398,927,967,428,620,740,262,9,841,269,343,236,542,809,96,503,704,880,220,38,923,594,747,846,751,591,643,78,814,563,499,64,48,409,532,730,195,350,534,231,317,313,956,230,517,36,925,952,939,538,618,292,347,905,472,954,276,476,159,303,783,815,974,73,633,34,911,603,199,175,785,801,352,882,320,128,483,622,446,555,277,432,979,136,851,607,863,716,627,651,85,759,192,770,562,167,981,520,975,44,481,243,731,463,616,227,831,228,683,424,900,310,793,56,590}

Observation number: 	11
	 Present instant:              	1650.0008995399467
	 Number of move events:        	415813
	 Number of evaporation events: 	31328
	 Hamiltonian cycle:            	{1,958,601,743,742,580,813,339,940,614,551,142,367,573,39,665,879,86,171,451,792,721,753,141,712,690,541,24,140,702,65,466,208,553,870,97,438,354,558,505,68,710,80,380,270,512,701,805,267,686,288,330,145,444,271,22,340,844,456,246,104,91,613,537,894,936,346,198,582,763,695,768,302,504,249,806,566,957,471,771,754,169,399,429,107,184,327,59,866,433,544,316,323,549,839,105,612,903,10,110,884,636,859,670,382,58,715,12,400,94,152,641,876,869,108,280,628,143,294,782,543,71,284,885,599,892,297,868,194,187,265,430,490,684,255,696,871,724,32,475,155,970,218,412,402,750,615,295,983,577,149,435,298,847,263,137,417,857,732,238,540,51,287,621,325,290,794,799,329,394,261,597,335,666,510,122,836,673,963,419,610,995,274,778,717,579,652,331,259,45,28,447,982,928,360,439,237,344,924,918,379,385,113,102,130,233,319,345,592,18,393,508,774,139,166,898,326,41,133,244,552,66,720,247,511,746,689,663,867,378,407,909,779,910,120,722,656,414,756,748,706,711,630,787,547,993,680,849,460,201,11,969,645,635,625,211,804,908,688,530,803,781,808,653,182,961,791,27,854,467,436,386,416,657,457,115,760,99,112,272,79,420,912,348,206,833,328,176,861,668,332,150,533,713,232,74,687,151,461,919,604,488,966,49,507,901,180,434,100,124,539,528,767,126,114,965,363,425,850,427,943,816,383,37,6,822,917,465,568,837,245,700,929,389,874,948,679,937,646,219,589,985,160,893,501,333,810,421,506,718,390,111,823,698,158,583,761,174,926,595,873,147,53,807,397,77,448,312,337,556,186,709,84,725,14,797,109,257,90,950,735,744,440,406,480,493,422,479,545,678,996,945,278,25,33,258,464,358,821,818,161,931,8,364,477,388,282,489,998,795,283,19,640,598,736,852,281,260,973,224,899,509,205,947,23,904,168,87,739,13,88,976,681,213,588,565,308,234,886,872,285,593,209,843,7,762,256,692,519,525,185,500,387,757,642,546,703,95,482,216,268,170,359,907,941,31,5,117,225,878,20,178,895,978,148,536,254,574,275,202,800,984,496,43,462,138,647,497,119,426,418,658,619,676,896,98,889,606,515,572,304,964,123,671,401,251,203,226,311,623,812,181,200,470,92,605,221,301,644,860,309,240,758,253,134,685,3,802,694,392,212,1000,775,930,351,491,129,235,372,362,127,118,570,727,988,609,705,820,314,369,197,559,82,55,790,52,576,773,784,664,210,35,411,371,661,365,811,531,883,755,449,999,691,146,838,989,264,54,450,318,495,708,223,853,535,441,172,241,83,131,819,575,132,980,498,487,891,494,714,40,955,682,135,796,569,125,431,934,581,458,474,855,357,550,473,987,997,864,368,946,951,835,324,376,266,355,888,971,70,922,101,183,662,336,121,454,453,61,564,250,455,827,217,877,856,932,370,578,608,452,788,829,242,986,229,626,191,865,207,902,585,299,959,523,890,920,529,624,798,300,697,707,953,660,103,396,76,403,164,933,154,554,353,190,728,405,50,377,916,897,252,322,72,286,239,733,156,648,845,527,745,361,157,674,991,764,789,215,381,600,548,749,611,273,4,445,341,977,16,342,655,567,47,437,960,514,81,786,741,502,587,315,906,561,177,204,949,366,484,30,634,391,858,524,89,830,617,557,780,772,289,944,659,334,373,513,338,196,834,968,935,913,516,356,769,677,729,293,469,17,752,737,518,248,649,962,596,321,349,173,46,914,734,222,62,942,404,214,990,842,602,384,279,992,777,765,306,672,776,75,738,395,60,639,571,522,887,410,193,93,442,584,654,699,826,848,832,486,423,638,675,719,291,26,828,766,915,63,631,938,840,163,375,586,560,526,667,69,21,443,875,824,57,29,153,632,296,723,116,162,825,459,188,817,144,521,165,637,307,693,485,972,106,669,862,189,726,921,415,15,629,305,650,67,42,408,468,994,413,492,881,179,374,2,478,398,927,967,428,620,740,262,9,841,269,343,236,542,809,96,503,704,880,220,38,923,594,747,846,751,591,643,78,814,563,499,64,48,409,532,730,195,350,534,231,317,313,956,230,517,36,925,952,939,538,618,292,347,905,472,954,276,476,159,303,783,815,974,73,633,34,911,603,199,175,785,801,352,882,320,128,483,622,446,555,277,432,979,136,851,607,863,716,627,651,85,759,192,770,562,167,981,520,975,44,481,243,731,463,616,227,831,228,683,424,900,310,793,56,590}

Observation number: 	12
	 Present instant:              	1800.0072876129004
	 Number of move events:        	453785
	 Number of evaporation events: 	31328
	 Hamiltonian cycle:            	{1,958,601,743,742,580,813,339,940,614,551,142,367,573,39,665,879,86,171,451,792,721,753,141,712,690,541,24,140,702,65,466,208,553,870,97,438,354,558,505,68,710,80,380,270,512,701,805,267,686,288,330,145,444,271,22,340,844,456,246,104,91,613,537,894,936,346,198,582,763,695,768,302,504,249,806,566,957,471,771,754,169,399,429,107,184,327,59,866,433,544,316,323,549,839,105,612,903,10,110,884,636,859,670,382,58,715,12,400,94,152,641,876,869,108,280,628,143,294,782,543,71,284,885,599,892,297,868,194,187,265,430,490,684,255,696,871,724,32,475,155,970,218,412,402,750,615,295,983,577,149,435,298,847,263,137,417,857,732,238,540,51,287,621,325,290,794,799,329,394,261,597,335,666,510,122,836,673,963,419,610,995,274,778,717,579,652,331,259,45,28,447,982,928,360,439,237,344,924,918,379,385,113,102,130,233,319,345,592,18,393,508,774,139,166,898,326,41,133,244,552,66,720,247,511,746,689,663,867,378,407,909,779,910,120,722,656,414,756,748,706,711,630,787,547,993,680,849,460,201,11,969,645,635,625,211,804,908,688,530,803,781,808,653,182,961,791,27,854,467,436,386,416,657,457,115,760,99,112,272,79,420,912,348,206,833,328,176,861,668,332,150,533,713,232,74,687,151,461,919,604,488,966,49,507,901,180,434,100,124,539,528,767,126,114,965,363,425,850,427,943,816,383,37,6,822,917,465,568,837,245,700,929,389,874,948,679,937,646,219,589,985,160,893,501,333,810,421,506,718,390,111,823,698,158,583,761,174,926,595,873,147,53,807,397,77,448,312,337,556,186,709,84,725,14,797,109,257,90,950,735,744,440,406,480,493,422,479,545,678,996,945,278,25,33,258,464,358,821,818,161,931,8,364,477,388,282,489,998,795,283,19,640,598,736,852,281,260,973,224,899,509,205,947,23,904,168,87,739,13,88,976,681,213,588,565,308,234,886,872,285,593,209,843,7,762,256,692,519,525,185,500,387,757,642,546,703,95,482,216,268,170,359,907,941,31,5,117,225,878,20,178,895,978,148,536,254,574,275,202,800,984,496,43,462,138,647,497,119,426,418,658,619,676,896,98,889,606,515,572,304,964,123,671,401,251,203,226,311,623,812,181,200,470,92,605,221,301,644,860,309,240,758,253,134,685,3,802,694,392,212,1000,775,930,351,491,129,235,372,362,127,118,570,727,988,609,705,820,314,369,197,559,82,55,790,52,576,773,784,664,210,35,411,371,661,365,811,531,883,755,449,999,691,146,838,989,264,54,450,318,495,708,223,853,535,441,172,241,83,131,819,575,132,980,498,487,891,494,714,40,955,682,135,796,569,125,431,934,581,458,474,855,357,550,473,987,997,864,368,946,951,835,324,376,266,355,888,971,70,922,101,183,662,336,121,454,453,61,564,250,455,827,217,877,856,932,370,578,608,452,788,829,242,986,229,626,191,865,207,902,585,299,959,523,890,920,529,624,798,300,697,707,953,660,103,396,76,403,164,933,154,554,353,190,728,405,50,377,916,897,252,322,72,286,239,733,156,648,845,527,745,361,157,674,991,764,789,215,381,600,548,749,611,273,4,445,341,977,16,342,655,567,47,437,960,514,81,786,741,502,587,315,906,561,177,204,949,366,484,30,634,391,858,524,89,830,617,557,780,772,289,944,659,334,373,513,338,196,834,968,935,913,516,356,769,677,729,293,469,17,752,737,518,248,649,962,596,321,349,173,46,914,734,222,62,942,404,214,990,842,602,384,279,992,777,765,306,672,776,75,738,395,60,639,571,522,887,410,193,93,442,584,654,699,826,848,832,486,423,638,675,719,291,26,828,766,915,63,631,938,840,163,375,586,560,526,667,69,21,443,875,824,57,29,153,632,296,723,116,162,825,459,188,817,144,521,165,637,307,693,485,972,106,669,862,189,726,921,415,15,629,305,650,67,42,408,468,994,413,492,881,179,374,2,478,398,927,967,428,620,740,262,9,841,269,343,236,542,809,96,503,704,880,220,38,923,594,747,846,751,591,643,78,814,563,499,64,48,409,532,730,195,350,534,231,317,313,956,230,517,36,925,952,939,538,618,292,347,905,472,954,276,476,159,303,783,815,974,73,633,34,911,603,199,175,785,801,352,882,320,128,483,622,446,555,277,432,979,136,851,607,863,716,627,651,85,759,192,770,562,167,981,520,975,44,481,243,731,463,616,227,831,228,683,424,900,310,793,56,590}

Observation number: 	13
	 Present instant:              	1950.0015149879405
	 Number of move events:        	491462
	 Number of evaporation events: 	63790
	 Hamiltonian cycle:            	{1,300,168,519,116,120,48,420,640,292,157,747,29,429,908,694,497,822,692,711,491,732,154,189,643,835,238,642,707,151,550,736,226,509,289,769,369,334,803,869,852,397,981,311,180,947,957,752,391,516,645,821,328,301,565,459,135,610,587,884,123,166,503,145,758,456,455,806,910,700,706,97,791,185,362,794,118,422,705,218,204,699,718,224,796,130,938,87,745,671,686,461,21,222,638,914,254,281,648,255,510,719,891,237,131,993,302,971,935,366,197,571,589,797,75,36,784,613,657,768,824,889,466,50,447,615,811,668,339,398,980,857,18,579,477,917,124,965,607,358,633,944,335,53,190,33,823,883,175,233,181,531,828,415,775,212,730,419,495,636,63,961,434,963,614,764,367,740,133,978,174,909,885,922,625,411,125,827,210,839,726,807,893,264,609,170,338,970,377,416,60,623,241,812,6,864,777,930,838,480,184,680,457,279,465,936,293,373,267,826,134,576,566,159,94,304,74,487,551,80,523,676,728,953,471,263,284,71,242,664,140,712,393,431,986,344,143,628,194,489,163,413,538,298,162,472,409,591,672,246,969,250,156,612,994,410,942,424,172,478,911,144,690,515,243,594,774,751,127,245,268,622,207,506,940,651,122,247,903,205,617,313,56,984,974,948,866,808,983,364,673,715,973,392,627,804,598,215,388,395,382,599,79,888,789,512,285,273,606,787,104,126,873,741,385,555,578,404,890,586,631,560,325,621,704,840,655,460,720,647,361,964,521,939,499,51,195,762,858,845,982,634,355,790,813,310,717,115,417,427,182,723,299,573,637,683,590,972,282,481,484,3,514,307,773,98,387,42,650,193,749,547,248,291,842,977,815,468,537,308,234,868,320,535,524,837,34,698,390,83,103,363,949,221,418,967,399,577,105,437,41,802,330,793,649,66,451,792,498,81,724,490,805,11,88,552,158,849,191,545,558,716,256,771,850,112,554,585,851,266,995,317,305,230,669,548,475,396,262,600,113,349,681,684,227,99,746,879,675,24,280,430,192,588,365,54,522,765,739,731,570,492,265,618,689,750,533,800,894,332,921,206,342,913,748,95,14,679,164,160,702,658,513,861,274,326,346,932,968,831,439,562,846,400,146,357,502,219,592,345,601,539,107,464,277,841,389,414,275,874,602,52,43,371,595,946,436,611,785,381,37,985,899,297,960,920,401,959,323,526,604,546,505,64,941,713,341,450,564,102,208,928,556,872,975,186,924,476,996,84,678,101,776,350,536,504,17,801,782,30,859,354,876,368,128,296,155,198,569,149,85,1000,324,187,139,4,223,117,685,943,441,670,646,96,630,819,759,432,710,452,316,786,520,757,31,303,483,543,896,927,82,760,976,217,167,954,269,486,141,229,687,632,351,688,999,722,991,783,13,352,528,360,897,743,832,454,708,779,956,559,653,138,23,65,580,69,44,529,915,272,865,880,343,473,213,479,584,92,662,744,734,482,336,847,517,412,15,25,780,666,49,348,616,152,882,406,214,70,703,485,333,788,32,887,496,312,772,661,833,446,660,261,572,843,987,695,814,259,583,737,329,629,605,855,825,549,856,327,100,251,470,998,834,321,252,2,423,165,597,830,5,844,76,278,581,228,817,375,639,895,225,799,767,462,862,9,93,501,211,378,753,721,467,527,918,955,119,176,257,950,659,153,111,114,990,798,540,444,778,318,677,458,294,754,383,553,91,283,997,530,286,231,405,46,384,820,906,567,966,870,926,28,290,507,905,220,810,919,596,331,756,474,394,929,729,557,129,340,232,663,853,137,440,77,443,829,309,626,575,582,90,372,235,270,892,55,469,425,453,35,907,370,57,877,696,183,674,253,541,656,73,532,561,72,534,16,40,563,27,979,8,682,86,494,733,45,900,407,886,962,701,142,445,958,201,931,376,322,867,47,755,78,848,236,871,463,500,738,781,709,511,818,727,359,493,438,989,39,665,693,132,379,593,904,933,7,795,742,923,121,216,319,68,10,179,108,62,667,836,67,735,209,188,603,691,878,22,624,428,635,925,608,426,386,449,654,306,161,620,488,258,714,770,508,952,58,763,435,337,916,902,356,881,403,347,61,26,110,945,816,518,380,199,574,148,641,171,652,912,544,38,178,287,12,271,937,240,442,402,295,276,408,136,173,619,863,988,260,59,525,697,898,314,150,353,433,315,766,725,109,992,568,203,860,951,20,89,854,374,202,934,542,421,169,177,901,809,244,875,106,196,200,448,288,761,147,239,644,19,249}

Observation number: 	14
	 Present instant:              	2100.00049785224
	 Number of move events:        	529280
	 Number of evaporation events: 	63790
	 Hamiltonian cycle:            	{1,300,168,519,116,120,48,420,640,292,157,747,29,429,908,694,497,822,692,711,491,732,154,189,643,835,238,642,707,151,550,736,226,509,289,769,369,334,803,869,852,397,981,311,180,947,957,752,391,516,645,821,328,301,565,459,135,610,587,884,123,166,503,145,758,456,455,806,910,700,706,97,791,185,362,794,118,422,705,218,204,699,718,224,796,130,938,87,745,671,686,461,21,222,638,914,254,281,648,255,510,719,891,237,131,993,302,971,935,366,197,571,589,797,75,36,784,613,657,768,824,889,466,50,447,615,811,668,339,398,980,857,18,579,477,917,124,965,607,358,633,944,335,53,190,33,823,883,175,233,181,531,828,415,775,212,730,419,495,636,63,961,434,963,614,764,367,740,133,978,174,909,885,922,625,411,125,827,210,839,726,807,893,264,609,170,338,970,377,416,60,623,241,812,6,864,777,930,838,480,184,680,457,279,465,936,293,373,267,826,134,576,566,159,94,304,74,487,551,80,523,676,728,953,471,263,284,71,242,664,140,712,393,431,986,344,143,628,194,489,163,413,538,298,162,472,409,591,672,246,969,250,156,612,994,410,942,424,172,478,911,144,690,515,243,594,774,751,127,245,268,622,207,506,940,651,122,247,903,205,617,313,56,984,974,948,866,808,983,364,673,715,973,392,627,804,598,215,388,395,382,599,79,888,789,512,285,273,606,787,104,126,873,741,385,555,578,404,890,586,631,560,325,621,704,840,655,460,720,647,361,964,521,939,499,51,195,762,858,845,982,634,355,790,813,310,717,115,417,427,182,723,299,573,637,683,590,972,282,481,484,3,514,307,773,98,387,42,650,193,749,547,248,291,842,977,815,468,537,308,234,868,320,535,524,837,34,698,390,83,103,363,949,221,418,967,399,577,105,437,41,802,330,793,649,66,451,792,498,81,724,490,805,11,88,552,158,849,191,545,558,716,256,771,850,112,554,585,851,266,995,317,305,230,669,548,475,396,262,600,113,349,681,684,227,99,746,879,675,24,280,430,192,588,365,54,522,765,739,731,570,492,265,618,689,750,533,800,894,332,921,206,342,913,748,95,14,679,164,160,702,658,513,861,274,326,346,932,968,831,439,562,846,400,146,357,502,219,592,345,601,539,107,464,277,841,389,414,275,874,602,52,43,371,595,946,436,611,785,381,37,985,899,297,960,920,401,959,323,526,604,546,505,64,941,713,341,450,564,102,208,928,556,872,975,186,924,476,996,84,678,101,776,350,536,504,17,801,782,30,859,354,876,368,128,296,155,198,569,149,85,1000,324,187,139,4,223,117,685,943,441,670,646,96,630,819,759,432,710,452,316,786,520,757,31,303,483,543,896,927,82,760,976,217,167,954,269,486,141,229,687,632,351,688,999,722,991,783,13,352,528,360,897,743,832,454,708,779,956,559,653,138,23,65,580,69,44,529,915,272,865,880,343,473,213,479,584,92,662,744,734,482,336,847,517,412,15,25,780,666,49,348,616,152,882,406,214,70,703,485,333,788,32,887,496,312,772,661,833,446,660,261,572,843,987,695,814,259,583,737,329,629,605,855,825,549,856,327,100,251,470,998,834,321,252,2,423,165,597,830,5,844,76,278,581,228,817,375,639,895,225,799,767,462,862,9,93,501,211,378,753,721,467,527,918,955,119,176,257,950,659,153,111,114,990,798,540,444,778,318,677,458,294,754,383,553,91,283,997,530,286,231,405,46,384,820,906,567,966,870,926,28,290,507,905,220,810,919,596,331,756,474,394,929,729,557,129,340,232,663,853,137,440,77,443,829,309,626,575,582,90,372,235,270,892,55,469,425,453,35,907,370,57,877,696,183,674,253,541,656,73,532,561,72,534,16,40,563,27,979,8,682,86,494,733,45,900,407,886,962,701,142,445,958,201,931,376,322,867,47,755,78,848,236,871,463,500,738,781,709,511,818,727,359,493,438,989,39,665,693,132,379,593,904,933,7,795,742,923,121,216,319,68,10,179,108,62,667,836,67,735,209,188,603,691,878,22,624,428,635,925,608,426,386,449,654,306,161,620,488,258,714,770,508,952,58,763,435,337,916,902,356,881,403,347,61,26,110,945,816,518,380,199,574,148,641,171,652,912,544,38,178,287,12,271,937,240,442,402,295,276,408,136,173,619,863,988,260,59,525,697,898,314,150,353,433,315,766,725,109,992,568,203,860,951,20,89,854,374,202,934,542,421,169,177,901,809,244,875,106,196,200,448,288,761,147,239,644,19,249}

Observation number: 	15
	 Present instant:              	2250.001473869192
	 Number of move events:        	566735
	 Number of evaporation events: 	63790
	 Hamiltonian cycle:            	{1,300,168,519,116,120,48,420,640,292,157,747,29,429,908,694,497,822,692,711,491,732,154,189,643,835,238,642,707,151,550,736,226,509,289,769,369,334,803,869,852,397,981,311,180,947,957,752,391,516,645,821,328,301,565,459,135,610,587,884,123,166,503,145,758,456,455,806,910,700,706,97,791,185,362,794,118,422,705,218,204,699,718,224,796,130,938,87,745,671,686,461,21,222,638,914,254,281,648,255,510,719,891,237,131,993,302,971,935,366,197,571,589,797,75,36,784,613,657,768,824,889,466,50,447,615,811,668,339,398,980,857,18,579,477,917,124,965,607,358,633,944,335,53,190,33,823,883,175,233,181,531,828,415,775,212,730,419,495,636,63,961,434,963,614,764,367,740,133,978,174,909,885,922,625,411,125,827,210,839,726,807,893,264,609,170,338,970,377,416,60,623,241,812,6,864,777,930,838,480,184,680,457,279,465,936,293,373,267,826,134,576,566,159,94,304,74,487,551,80,523,676,728,953,471,263,284,71,242,664,140,712,393,431,986,344,143,628,194,489,163,413,538,298,162,472,409,591,672,246,969,250,156,612,994,410,942,424,172,478,911,144,690,515,243,594,774,751,127,245,268,622,207,506,940,651,122,247,903,205,617,313,56,984,974,948,866,808,983,364,673,715,973,392,627,804,598,215,388,395,382,599,79,888,789,512,285,273,606,787,104,126,873,741,385,555,578,404,890,586,631,560,325,621,704,840,655,460,720,647,361,964,521,939,499,51,195,762,858,845,982,634,355,790,813,310,717,115,417,427,182,723,299,573,637,683,590,972,282,481,484,3,514,307,773,98,387,42,650,193,749,547,248,291,842,977,815,468,537,308,234,868,320,535,524,837,34,698,390,83,103,363,949,221,418,967,399,577,105,437,41,802,330,793,649,66,451,792,498,81,724,490,805,11,88,552,158,849,191,545,558,716,256,771,850,112,554,585,851,266,995,317,305,230,669,548,475,396,262,600,113,349,681,684,227,99,746,879,675,24,280,430,192,588,365,54,522,765,739,731,570,492,265,618,689,750,533,800,894,332,921,206,342,913,748,95,14,679,164,160,702,658,513,861,274,326,346,932,968,831,439,562,846,400,146,357,502,219,592,345,601,539,107,464,277,841,389,414,275,874,602,52,43,371,595,946,436,611,785,381,37,985,899,297,960,920,401,959,323,526,604,546,505,64,941,713,341,450,564,102,208,928,556,872,975,186,924,476,996,84,678,101,776,350,536,504,17,801,782,30,859,354,876,368,128,296,155,198,569,149,85,1000,324,187,139,4,223,117,685,943,441,670,646,96,630,819,759,432,710,452,316,786,520,757,31,303,483,543,896,927,82,760,976,217,167,954,269,486,141,229,687,632,351,688,999,722,991,783,13,352,528,360,897,743,832,454,708,779,956,559,653,138,23,65,580,69,44,529,915,272,865,880,343,473,213,479,584,92,662,744,734,482,336,847,517,412,15,25,780,666,49,348,616,152,882,406,214,70,703,485,333,788,32,887,496,312,772,661,833,446,660,261,572,843,987,695,814,259,583,737,329,629,605,855,825,549,856,327,100,251,470,998,834,321,252,2,423,165,597,830,5,844,76,278,581,228,817,375,639,895,225,799,767,462,862,9,93,501,211,378,753,721,467,527,918,955,119,176,257,950,659,153,111,114,990,798,540,444,778,318,677,458,294,754,383,553,91,283,997,530,286,231,405,46,384,820,906,567,966,870,926,28,290,507,905,220,810,919,596,331,756,474,394,929,729,557,129,340,232,663,853,137,440,77,443,829,309,626,575,582,90,372,235,270,892,55,469,425,453,35,907,370,57,877,696,183,674,253,541,656,73,532,561,72,534,16,40,563,27,979,8,682,86,494,733,45,900,407,886,962,701,142,445,958,201,931,376,322,867,47,755,78,848,236,871,463,500,738,781,709,511,818,727,359,493,438,989,39,665,693,132,379,593,904,933,7,795,742,923,121,216,319,68,10,179,108,62,667,836,67,735,209,188,603,691,878,22,624,428,635,925,608,426,386,449,654,306,161,620,488,258,714,770,508,952,58,763,435,337,916,902,356,881,403,347,61,26,110,945,816,518,380,199,574,148,641,171,652,912,544,38,178,287,12,271,937,240,442,402,295,276,408,136,173,619,863,988,260,59,525,697,898,314,150,353,433,315,766,725,109,992,568,203,860,951,20,89,854,374,202,934,542,421,169,177,901,809,244,875,106,196,200,448,288,761,147,239,644,19,249}

Observation number: 	16
	 Present instant:              	2400.008897305066
	 Number of move events:        	604168
	 Number of evaporation events: 	63790
	 Hamiltonian cycle:            	{1,300,168,519,116,120,48,420,640,292,157,747,29,429,908,694,497,822,692,711,491,732,154,189,643,835,238,642,707,151,550,736,226,509,289,769,369,334,803,869,852,397,981,311,180,947,957,752,391,516,645,821,328,301,565,459,135,610,587,884,123,166,503,145,758,456,455,806,910,700,706,97,791,185,362,794,118,422,705,218,204,699,718,224,796,130,938,87,745,671,686,461,21,222,638,914,254,281,648,255,510,719,891,237,131,993,302,971,935,366,197,571,589,797,75,36,784,613,657,768,824,889,466,50,447,615,811,668,339,398,980,857,18,579,477,917,124,965,607,358,633,944,335,53,190,33,823,883,175,233,181,531,828,415,775,212,730,419,495,636,63,961,434,963,614,764,367,740,133,978,174,909,885,922,625,411,125,827,210,839,726,807,893,264,609,170,338,970,377,416,60,623,241,812,6,864,777,930,838,480,184,680,457,279,465,936,293,373,267,826,134,576,566,159,94,304,74,487,551,80,523,676,728,953,471,263,284,71,242,664,140,712,393,431,986,344,143,628,194,489,163,413,538,298,162,472,409,591,672,246,969,250,156,612,994,410,942,424,172,478,911,144,690,515,243,594,774,751,127,245,268,622,207,506,940,651,122,247,903,205,617,313,56,984,974,948,866,808,983,364,673,715,973,392,627,804,598,215,388,395,382,599,79,888,789,512,285,273,606,787,104,126,873,741,385,555,578,404,890,586,631,560,325,621,704,840,655,460,720,647,361,964,521,939,499,51,195,762,858,845,982,634,355,790,813,310,717,115,417,427,182,723,299,573,637,683,590,972,282,481,484,3,514,307,773,98,387,42,650,193,749,547,248,291,842,977,815,468,537,308,234,868,320,535,524,837,34,698,390,83,103,363,949,221,418,967,399,577,105,437,41,802,330,793,649,66,451,792,498,81,724,490,805,11,88,552,158,849,191,545,558,716,256,771,850,112,554,585,851,266,995,317,305,230,669,548,475,396,262,600,113,349,681,684,227,99,746,879,675,24,280,430,192,588,365,54,522,765,739,731,570,492,265,618,689,750,533,800,894,332,921,206,342,913,748,95,14,679,164,160,702,658,513,861,274,326,346,932,968,831,439,562,846,400,146,357,502,219,592,345,601,539,107,464,277,841,389,414,275,874,602,52,43,371,595,946,436,611,785,381,37,985,899,297,960,920,401,959,323,526,604,546,505,64,941,713,341,450,564,102,208,928,556,872,975,186,924,476,996,84,678,101,776,350,536,504,17,801,782,30,859,354,876,368,128,296,155,198,569,149,85,1000,324,187,139,4,223,117,685,943,441,670,646,96,630,819,759,432,710,452,316,786,520,757,31,303,483,543,896,927,82,760,976,217,167,954,269,486,141,229,687,632,351,688,999,722,991,783,13,352,528,360,897,743,832,454,708,779,956,559,653,138,23,65,580,69,44,529,915,272,865,880,343,473,213,479,584,92,662,744,734,482,336,847,517,412,15,25,780,666,49,348,616,152,882,406,214,70,703,485,333,788,32,887,496,312,772,661,833,446,660,261,572,843,987,695,814,259,583,737,329,629,605,855,825,549,856,327,100,251,470,998,834,321,252,2,423,165,597,830,5,844,76,278,581,228,817,375,639,895,225,799,767,462,862,9,93,501,211,378,753,721,467,527,918,955,119,176,257,950,659,153,111,114,990,798,540,444,778,318,677,458,294,754,383,553,91,283,997,530,286,231,405,46,384,820,906,567,966,870,926,28,290,507,905,220,810,919,596,331,756,474,394,929,729,557,129,340,232,663,853,137,440,77,443,829,309,626,575,582,90,372,235,270,892,55,469,425,453,35,907,370,57,877,696,183,674,253,541,656,73,532,561,72,534,16,40,563,27,979,8,682,86,494,733,45,900,407,886,962,701,142,445,958,201,931,376,322,867,47,755,78,848,236,871,463,500,738,781,709,511,818,727,359,493,438,989,39,665,693,132,379,593,904,933,7,795,742,923,121,216,319,68,10,179,108,62,667,836,67,735,209,188,603,691,878,22,624,428,635,925,608,426,386,449,654,306,161,620,488,258,714,770,508,952,58,763,435,337,916,902,356,881,403,347,61,26,110,945,816,518,380,199,574,148,641,171,652,912,544,38,178,287,12,271,937,240,442,402,295,276,408,136,173,619,863,988,260,59,525,697,898,314,150,353,433,315,766,725,109,992,568,203,860,951,20,89,854,374,202,934,542,421,169,177,901,809,244,875,106,196,200,448,288,761,147,239,644,19,249}

Observation number: 	17
	 Present instant:              	2550.0010609011065
	 Number of move events:        	641451
	 Number of evaporation events: 	63790
	 Hamiltonian cycle:            	{1,300,168,519,116,120,48,420,640,292,157,747,29,429,908,694,497,822,692,711,491,732,154,189,643,835,238,642,707,151,550,736,226,509,289,769,369,334,803,869,852,397,981,311,180,947,957,752,391,516,645,821,328,301,565,459,135,610,587,884,123,166,503,145,758,456,455,806,910,700,706,97,791,185,362,794,118,422,705,218,204,699,718,224,796,130,938,87,745,671,686,461,21,222,638,914,254,281,648,255,510,719,891,237,131,993,302,971,935,366,197,571,589,797,75,36,784,613,657,768,824,889,466,50,447,615,811,668,339,398,980,857,18,579,477,917,124,965,607,358,633,944,335,53,190,33,823,883,175,233,181,531,828,415,775,212,730,419,495,636,63,961,434,963,614,764,367,740,133,978,174,909,885,922,625,411,125,827,210,839,726,807,893,264,609,170,338,970,377,416,60,623,241,812,6,864,777,930,838,480,184,680,457,279,465,936,293,373,267,826,134,576,566,159,94,304,74,487,551,80,523,676,728,953,471,263,284,71,242,664,140,712,393,431,986,344,143,628,194,489,163,413,538,298,162,472,409,591,672,246,969,250,156,612,994,410,942,424,172,478,911,144,690,515,243,594,774,751,127,245,268,622,207,506,940,651,122,247,903,205,617,313,56,984,974,948,866,808,983,364,673,715,973,392,627,804,598,215,388,395,382,599,79,888,789,512,285,273,606,787,104,126,873,741,385,555,578,404,890,586,631,560,325,621,704,840,655,460,720,647,361,964,521,939,499,51,195,762,858,845,982,634,355,790,813,310,717,115,417,427,182,723,299,573,637,683,590,972,282,481,484,3,514,307,773,98,387,42,650,193,749,547,248,291,842,977,815,468,537,308,234,868,320,535,524,837,34,698,390,83,103,363,949,221,418,967,399,577,105,437,41,802,330,793,649,66,451,792,498,81,724,490,805,11,88,552,158,849,191,545,558,716,256,771,850,112,554,585,851,266,995,317,305,230,669,548,475,396,262,600,113,349,681,684,227,99,746,879,675,24,280,430,192,588,365,54,522,765,739,731,570,492,265,618,689,750,533,800,894,332,921,206,342,913,748,95,14,679,164,160,702,658,513,861,274,326,346,932,968,831,439,562,846,400,146,357,502,219,592,345,601,539,107,464,277,841,389,414,275,874,602,52,43,371,595,946,436,611,785,381,37,985,899,297,960,920,401,959,323,526,604,546,505,64,941,713,341,450,564,102,208,928,556,872,975,186,924,476,996,84,678,101,776,350,536,504,17,801,782,30,859,354,876,368,128,296,155,198,569,149,85,1000,324,187,139,4,223,117,685,943,441,670,646,96,630,819,759,432,710,452,316,786,520,757,31,303,483,543,896,927,82,760,976,217,167,954,269,486,141,229,687,632,351,688,999,722,991,783,13,352,528,360,897,743,832,454,708,779,956,559,653,138,23,65,580,69,44,529,915,272,865,880,343,473,213,479,584,92,662,744,734,482,336,847,517,412,15,25,780,666,49,348,616,152,882,406,214,70,703,485,333,788,32,887,496,312,772,661,833,446,660,261,572,843,987,695,814,259,583,737,329,629,605,855,825,549,856,327,100,251,470,998,834,321,252,2,423,165,597,830,5,844,76,278,581,228,817,375,639,895,225,799,767,462,862,9,93,501,211,378,753,721,467,527,918,955,119,176,257,950,659,153,111,114,990,798,540,444,778,318,677,458,294,754,383,553,91,283,997,530,286,231,405,46,384,820,906,567,966,870,926,28,290,507,905,220,810,919,596,331,756,474,394,929,729,557,129,340,232,663,853,137,440,77,443,829,309,626,575,582,90,372,235,270,892,55,469,425,453,35,907,370,57,877,696,183,674,253,541,656,73,532,561,72,534,16,40,563,27,979,8,682,86,494,733,45,900,407,886,962,701,142,445,958,201,931,376,322,867,47,755,78,848,236,871,463,500,738,781,709,511,818,727,359,493,438,989,39,665,693,132,379,593,904,933,7,795,742,923,121,216,319,68,10,179,108,62,667,836,67,735,209,188,603,691,878,22,624,428,635,925,608,426,386,449,654,306,161,620,488,258,714,770,508,952,58,763,435,337,916,902,356,881,403,347,61,26,110,945,816,518,380,199,574,148,641,171,652,912,544,38,178,287,12,271,937,240,442,402,295,276,408,136,173,619,863,988,260,59,525,697,898,314,150,353,433,315,766,725,109,992,568,203,860,951,20,89,854,374,202,934,542,421,169,177,901,809,244,875,106,196,200,448,288,761,147,239,644,19,249}

Observation number: 	18
	 Present instant:              	2700.0015304238837
	 Number of move events:        	679385
	 Number of evaporation events: 	63790
	 Hamiltonian cycle:            	{1,300,168,519,116,120,48,420,640,292,157,747,29,429,908,694,497,822,692,711,491,732,154,189,643,835,238,642,707,151,550,736,226,509,289,769,369,334,803,869,852,397,981,311,180,947,957,752,391,516,645,821,328,301,565,459,135,610,587,884,123,166,503,145,758,456,455,806,910,700,706,97,791,185,362,794,118,422,705,218,204,699,718,224,796,130,938,87,745,671,686,461,21,222,638,914,254,281,648,255,510,719,891,237,131,993,302,971,935,366,197,571,589,797,75,36,784,613,657,768,824,889,466,50,447,615,811,668,339,398,980,857,18,579,477,917,124,965,607,358,633,944,335,53,190,33,823,883,175,233,181,531,828,415,775,212,730,419,495,636,63,961,434,963,614,764,367,740,133,978,174,909,885,922,625,411,125,827,210,839,726,807,893,264,609,170,338,970,377,416,60,623,241,812,6,864,777,930,838,480,184,680,457,279,465,936,293,373,267,826,134,576,566,159,94,304,74,487,551,80,523,676,728,953,471,263,284,71,242,664,140,712,393,431,986,344,143,628,194,489,163,413,538,298,162,472,409,591,672,246,969,250,156,612,994,410,942,424,172,478,911,144,690,515,243,594,774,751,127,245,268,622,207,506,940,651,122,247,903,205,617,313,56,984,974,948,866,808,983,364,673,715,973,392,627,804,598,215,388,395,382,599,79,888,789,512,285,273,606,787,104,126,873,741,385,555,578,404,890,586,631,560,325,621,704,840,655,460,720,647,361,964,521,939,499,51,195,762,858,845,982,634,355,790,813,310,717,115,417,427,182,723,299,573,637,683,590,972,282,481,484,3,514,307,773,98,387,42,650,193,749,547,248,291,842,977,815,468,537,308,234,868,320,535,524,837,34,698,390,83,103,363,949,221,418,967,399,577,105,437,41,802,330,793,649,66,451,792,498,81,724,490,805,11,88,552,158,849,191,545,558,716,256,771,850,112,554,585,851,266,995,317,305,230,669,548,475,396,262,600,113,349,681,684,227,99,746,879,675,24,280,430,192,588,365,54,522,765,739,731,570,492,265,618,689,750,533,800,894,332,921,206,342,913,748,95,14,679,164,160,702,658,513,861,274,326,346,932,968,831,439,562,846,400,146,357,502,219,592,345,601,539,107,464,277,841,389,414,275,874,602,52,43,371,595,946,436,611,785,381,37,985,899,297,960,920,401,959,323,526,604,546,505,64,941,713,341,450,564,102,208,928,556,872,975,186,924,476,996,84,678,101,776,350,536,504,17,801,782,30,859,354,876,368,128,296,155,198,569,149,85,1000,324,187,139,4,223,117,685,943,441,670,646,96,630,819,759,432,710,452,316,786,520,757,31,303,483,543,896,927,82,760,976,217,167,954,269,486,141,229,687,632,351,688,999,722,991,783,13,352,528,360,897,743,832,454,708,779,956,559,653,138,23,65,580,69,44,529,915,272,865,880,343,473,213,479,584,92,662,744,734,482,336,847,517,412,15,25,780,666,49,348,616,152,882,406,214,70,703,485,333,788,32,887,496,312,772,661,833,446,660,261,572,843,987,695,814,259,583,737,329,629,605,855,825,549,856,327,100,251,470,998,834,321,252,2,423,165,597,830,5,844,76,278,581,228,817,375,639,895,225,799,767,462,862,9,93,501,211,378,753,721,467,527,918,955,119,176,257,950,659,153,111,114,990,798,540,444,778,318,677,458,294,754,383,553,91,283,997,530,286,231,405,46,384,820,906,567,966,870,926,28,290,507,905,220,810,919,596,331,756,474,394,929,729,557,129,340,232,663,853,137,440,77,443,829,309,626,575,582,90,372,235,270,892,55,469,425,453,35,907,370,57,877,696,183,674,253,541,656,73,532,561,72,534,16,40,563,27,979,8,682,86,494,733,45,900,407,886,962,701,142,445,958,201,931,376,322,867,47,755,78,848,236,871,463,500,738,781,709,511,818,727,359,493,438,989,39,665,693,132,379,593,904,933,7,795,742,923,121,216,319,68,10,179,108,62,667,836,67,735,209,188,603,691,878,22,624,428,635,925,608,426,386,449,654,306,161,620,488,258,714,770,508,952,58,763,435,337,916,902,356,881,403,347,61,26,110,945,816,518,380,199,574,148,641,171,652,912,544,38,178,287,12,271,937,240,442,402,295,276,408,136,173,619,863,988,260,59,525,697,898,314,150,353,433,315,766,725,109,992,568,203,860,951,20,89,854,374,202,934,542,421,169,177,901,809,244,875,106,196,200,448,288,761,147,239,644,19,249}

Observation number: 	19
	 Present instant:              	2850.000135157234
	 Number of move events:        	716948
	 Number of evaporation events: 	63790
	 Hamiltonian cycle:            	{1,300,168,519,116,120,48,420,640,292,157,747,29,429,908,694,497,822,692,711,491,732,154,189,643,835,238,642,707,151,550,736,226,509,289,769,369,334,803,869,852,397,981,311,180,947,957,752,391,516,645,821,328,301,565,459,135,610,587,884,123,166,503,145,758,456,455,806,910,700,706,97,791,185,362,794,118,422,705,218,204,699,718,224,796,130,938,87,745,671,686,461,21,222,638,914,254,281,648,255,510,719,891,237,131,993,302,971,935,366,197,571,589,797,75,36,784,613,657,768,824,889,466,50,447,615,811,668,339,398,980,857,18,579,477,917,124,965,607,358,633,944,335,53,190,33,823,883,175,233,181,531,828,415,775,212,730,419,495,636,63,961,434,963,614,764,367,740,133,978,174,909,885,922,625,411,125,827,210,839,726,807,893,264,609,170,338,970,377,416,60,623,241,812,6,864,777,930,838,480,184,680,457,279,465,936,293,373,267,826,134,576,566,159,94,304,74,487,551,80,523,676,728,953,471,263,284,71,242,664,140,712,393,431,986,344,143,628,194,489,163,413,538,298,162,472,409,591,672,246,969,250,156,612,994,410,942,424,172,478,911,144,690,515,243,594,774,751,127,245,268,622,207,506,940,651,122,247,903,205,617,313,56,984,974,948,866,808,983,364,673,715,973,392,627,804,598,215,388,395,382,599,79,888,789,512,285,273,606,787,104,126,873,741,385,555,578,404,890,586,631,560,325,621,704,840,655,460,720,647,361,964,521,939,499,51,195,762,858,845,982,634,355,790,813,310,717,115,417,427,182,723,299,573,637,683,590,972,282,481,484,3,514,307,773,98,387,42,650,193,749,547,248,291,842,977,815,468,537,308,234,868,320,535,524,837,34,698,390,83,103,363,949,221,418,967,399,577,105,437,41,802,330,793,649,66,451,792,498,81,724,490,805,11,88,552,158,849,191,545,558,716,256,771,850,112,554,585,851,266,995,317,305,230,669,548,475,396,262,600,113,349,681,684,227,99,746,879,675,24,280,430,192,588,365,54,522,765,739,731,570,492,265,618,689,750,533,800,894,332,921,206,342,913,748,95,14,679,164,160,702,658,513,861,274,326,346,932,968,831,439,562,846,400,146,357,502,219,592,345,601,539,107,464,277,841,389,414,275,874,602,52,43,371,595,946,436,611,785,381,37,985,899,297,960,920,401,959,323,526,604,546,505,64,941,713,341,450,564,102,208,928,556,872,975,186,924,476,996,84,678,101,776,350,536,504,17,801,782,30,859,354,876,368,128,296,155,198,569,149,85,1000,324,187,139,4,223,117,685,943,441,670,646,96,630,819,759,432,710,452,316,786,520,757,31,303,483,543,896,927,82,760,976,217,167,954,269,486,141,229,687,632,351,688,999,722,991,783,13,352,528,360,897,743,832,454,708,779,956,559,653,138,23,65,580,69,44,529,915,272,865,880,343,473,213,479,584,92,662,744,734,482,336,847,517,412,15,25,780,666,49,348,616,152,882,406,214,70,703,485,333,788,32,887,496,312,772,661,833,446,660,261,572,843,987,695,814,259,583,737,329,629,605,855,825,549,856,327,100,251,470,998,834,321,252,2,423,165,597,830,5,844,76,278,581,228,817,375,639,895,225,799,767,462,862,9,93,501,211,378,753,721,467,527,918,955,119,176,257,950,659,153,111,114,990,798,540,444,778,318,677,458,294,754,383,553,91,283,997,530,286,231,405,46,384,820,906,567,966,870,926,28,290,507,905,220,810,919,596,331,756,474,394,929,729,557,129,340,232,663,853,137,440,77,443,829,309,626,575,582,90,372,235,270,892,55,469,425,453,35,907,370,57,877,696,183,674,253,541,656,73,532,561,72,534,16,40,563,27,979,8,682,86,494,733,45,900,407,886,962,701,142,445,958,201,931,376,322,867,47,755,78,848,236,871,463,500,738,781,709,511,818,727,359,493,438,989,39,665,693,132,379,593,904,933,7,795,742,923,121,216,319,68,10,179,108,62,667,836,67,735,209,188,603,691,878,22,624,428,635,925,608,426,386,449,654,306,161,620,488,258,714,770,508,952,58,763,435,337,916,902,356,881,403,347,61,26,110,945,816,518,380,199,574,148,641,171,652,912,544,38,178,287,12,271,937,240,442,402,295,276,408,136,173,619,863,988,260,59,525,697,898,314,150,353,433,315,766,725,109,992,568,203,860,951,20,89,854,374,202,934,542,421,169,177,901,809,244,875,106,196,200,448,288,761,147,239,644,19,249}

Observation number: 	20
	 Present instant:              	3000.0
	 Number of move events:        	754923
	 Number of evaporation events: 	63790
	 Hamiltonian cycle:            	{1,300,168,519,116,120,48,420,640,292,157,747,29,429,908,694,497,822,692,711,491,732,154,189,643,835,238,642,707,151,550,736,226,509,289,769,369,334,803,869,852,397,981,311,180,947,957,752,391,516,645,821,328,301,565,459,135,610,587,884,123,166,503,145,758,456,455,806,910,700,706,97,791,185,362,794,118,422,705,218,204,699,718,224,796,130,938,87,745,671,686,461,21,222,638,914,254,281,648,255,510,719,891,237,131,993,302,971,935,366,197,571,589,797,75,36,784,613,657,768,824,889,466,50,447,615,811,668,339,398,980,857,18,579,477,917,124,965,607,358,633,944,335,53,190,33,823,883,175,233,181,531,828,415,775,212,730,419,495,636,63,961,434,963,614,764,367,740,133,978,174,909,885,922,625,411,125,827,210,839,726,807,893,264,609,170,338,970,377,416,60,623,241,812,6,864,777,930,838,480,184,680,457,279,465,936,293,373,267,826,134,576,566,159,94,304,74,487,551,80,523,676,728,953,471,263,284,71,242,664,140,712,393,431,986,344,143,628,194,489,163,413,538,298,162,472,409,591,672,246,969,250,156,612,994,410,942,424,172,478,911,144,690,515,243,594,774,751,127,245,268,622,207,506,940,651,122,247,903,205,617,313,56,984,974,948,866,808,983,364,673,715,973,392,627,804,598,215,388,395,382,599,79,888,789,512,285,273,606,787,104,126,873,741,385,555,578,404,890,586,631,560,325,621,704,840,655,460,720,647,361,964,521,939,499,51,195,762,858,845,982,634,355,790,813,310,717,115,417,427,182,723,299,573,637,683,590,972,282,481,484,3,514,307,773,98,387,42,650,193,749,547,248,291,842,977,815,468,537,308,234,868,320,535,524,837,34,698,390,83,103,363,949,221,418,967,399,577,105,437,41,802,330,793,649,66,451,792,498,81,724,490,805,11,88,552,158,849,191,545,558,716,256,771,850,112,554,585,851,266,995,317,305,230,669,548,475,396,262,600,113,349,681,684,227,99,746,879,675,24,280,430,192,588,365,54,522,765,739,731,570,492,265,618,689,750,533,800,894,332,921,206,342,913,748,95,14,679,164,160,702,658,513,861,274,326,346,932,968,831,439,562,846,400,146,357,502,219,592,345,601,539,107,464,277,841,389,414,275,874,602,52,43,371,595,946,436,611,785,381,37,985,899,297,960,920,401,959,323,526,604,546,505,64,941,713,341,450,564,102,208,928,556,872,975,186,924,476,996,84,678,101,776,350,536,504,17,801,782,30,859,354,876,368,128,296,155,198,569,149,85,1000,324,187,139,4,223,117,685,943,441,670,646,96,630,819,759,432,710,452,316,786,520,757,31,303,483,543,896,927,82,760,976,217,167,954,269,486,141,229,687,632,351,688,999,722,991,783,13,352,528,360,897,743,832,454,708,779,956,559,653,138,23,65,580,69,44,529,915,272,865,880,343,473,213,479,584,92,662,744,734,482,336,847,517,412,15,25,780,666,49,348,616,152,882,406,214,70,703,485,333,788,32,887,496,312,772,661,833,446,660,261,572,843,987,695,814,259,583,737,329,629,605,855,825,549,856,327,100,251,470,998,834,321,252,2,423,165,597,830,5,844,76,278,581,228,817,375,639,895,225,799,767,462,862,9,93,501,211,378,753,721,467,527,918,955,119,176,257,950,659,153,111,114,990,798,540,444,778,318,677,458,294,754,383,553,91,283,997,530,286,231,405,46,384,820,906,567,966,870,926,28,290,507,905,220,810,919,596,331,756,474,394,929,729,557,129,340,232,663,853,137,440,77,443,829,309,626,575,582,90,372,235,270,892,55,469,425,453,35,907,370,57,877,696,183,674,253,541,656,73,532,561,72,534,16,40,563,27,979,8,682,86,494,733,45,900,407,886,962,701,142,445,958,201,931,376,322,867,47,755,78,848,236,871,463,500,738,781,709,511,818,727,359,493,438,989,39,665,693,132,379,593,904,933,7,795,742,923,121,216,319,68,10,179,108,62,667,836,67,735,209,188,603,691,878,22,624,428,635,925,608,426,386,449,654,306,161,620,488,258,714,770,508,952,58,763,435,337,916,902,356,881,403,347,61,26,110,945,816,518,380,199,574,148,641,171,652,912,544,38,178,287,12,271,937,240,442,402,295,276,408,136,173,619,863,988,260,59,525,697,898,314,150,353,433,315,766,725,109,992,568,203,860,951,20,89,854,374,202,934,542,421,169,177,901,809,244,875,106,196,200,448,288,761,147,239,644,19,249}
